Date :
2022-06-01
Weights :
-0.08130598721823816
0.0032599232348429954
-0.0016845685581994361
0.004557801079013214
0.04680866480192141
-0.009483267151037424
0.007008638581634789
0.04070249558286686
-0.011513638778799934
-0.050957828750134375
-0.052824633430045086
0.0008643244822694948
0.0031292676120033103
0.00241348362097126
0.007546411817345751
0.0
-0.00023683191865005046
-0.009744948870977228
0.0016876033590667073
-0.004248948072611607
-0.000640236297284892
-0.0009858770916638952
5.499656016047816e-05
-0.0003511566279645473
-0.0018861239825460623
Bias :
-0.008057345511910532
End.
